749
370
159
578 418
247
255
855
542 455
233
358
620 376
756
423
630 368
612 388
286
103
439
348
611
833 155
802
575
970
282
303
840 147
891 108
23
567
596
590 401
867
767
260
24
125
951
742
543 452
958 51
892 105
949 57
176
614
7
963
4
823
460
784
654
666 330
982 27
744 243
450
81
622 375
48
906
500
647
561
272
943 64
995 8
524 470
113
498 494
603 394
754
298
11
511 484
619 382
520
957 52
644
309
536
714 262
782 204
800 182
808 172
885 115
521 475
544 454
696 288
219
741
765 221
583 409
585 413
436
196
538
773 214
193
994
141
662 336
607 392
835 153
579 417
463
727
613
783 200
830
502
468
825 160
945 61
879 118
9
618 383
513 478
591
964
605
41
433
34
275
984 20
729
922
393
968 40
637 350
588
993 6
145
768
805 175
824 161
716 257
572 424
681 307
853 143
850
899
609 390
216
560
576
62
999 0
661 337
202
841 150
70
735 248
38
558 438
851
818 162
856 138
387
17
991 10
699 280
986
953 55
960 47
961 49
643 345
752 234
946 59
581 415
284
631 366
589 405
598 402
313
531
559
952 54
517 482
936
814 165
706
737 246
827
300
977 32
937 68
638
325
980 30
857 137
897 102
803
764
955
780
801 180
534 461
759 227
503 490
446
406
210
245
148
411
510 487
652
5
860
664 335
281
753 231
636 353
902 97
267
692
858 134
707
462
965 46
608 386
838 151
904 95
839
178
279
898 101
525 469
121
201
724
189
873 124
810 169
813 171
526
939
797 185
736
316
889
966
843
453
799
167
258
688
715 259
935
918 84
930 71
667
929 72
788 199
901 99
550
733
364
473
360
684 304
668 327
678
747
617 384
615 385
722
978
548 444
92
514
222
869
635 355
815
467
194
179
225
836
277
778
340
912 88
670 324
396
528 465
209
770 215
239
981 26
673 322
42
276
132
506
334
356
933
685 297
509
557
956 53
566 432
378
695 290
997
998
761
251
663
604
713
683 306
974 36
45
794 191
421
882 117
347
893
626
629
812
777
947 58
627
723
499
532
743
846 146
832 157
816 163
821
921
809
711 263
642
192
1
28
120
698 285
934 67
979 31
844
420
990 12
861 131
659 339
512 481
789 198
671
776
806 173
77
205
928 76
674 321
533
728
653 343
497
230
606
13
905
211
925
333
430
507
774 207
111
317
691
75
616
971
859
493
826
100
74
14
529 464
220
745
451
894 104
441
775
22
181
730
308
140
98
600 398
967 44
721 250
804
872 126
896
19
391
908
712
431
556
923
323
135
16
829
878
910 93
793 195
694
107
448
914
959
580 414
416
332
602
25
293
110
988 15
311
862 133
21
203
546
149
645
569
563 434
597
837 152
349
758 236
412
584
501 492
845
726 252
847 144
911 91
932 69
820
109
483
154
868 129
903 96
457
886
708
700 273
787
357
351
268
435
677
228
328
527 466
87
763 223
720 253
519
760 226
587 407
400
748
709 269
975
915 85
916 86
762 224
769 218
632 365
740 244
488
301
717 256
562 437
369
909 94
545 449
779
657 341
697 289
551
817 168
895
240
112
938
479
296
166
504
329
972
241
570
315
522 474
924
261
472
302
505
63
582 410
704
174
848
381
942
541
235
397
623
646
766
874
164
515
710 264
254
718
599 399
913
320
660 338
941 65
987
56
680
881 119
786
876 123
39
649
734
565
732
283
746
170
486
690
665 331
477
705 266
60
197
887
326
791
342
676 310
29
790
976
491
319
750 238
792
312
43
122
785
186
299
573 422
973 37
852
208
136
601 395
3
689 291
553 443
516
265
701 271
703 270
989
610
540
592
731 249
931
73
595 403
90
314
920 80
739
380
687
379
854
926
568 427
807
574
508
539
625 373
675 318
480
354
983
177
658
866 130
795 188
292
648
702
888
212
624 372
361
33
639
849
985 18
842
346
948
50
834 156
672
686 295
831
682
274
377
781 206
187
628 371
679
819
287
944
719
440
425
751 237
927 79
564 428
996 2
738
89
229
232
593
139
489
650
184
755
796 190
35
549
865
669
811
78
442
213
621
656
693
917
863
552 445
962
772
530
404
142
655
374
919 82
594
871 128
278
950
586 408
106
757
875
822
992
641
554
456
651 344
725
907
127
217
429
640
352
389
633 363
547 447
870
884 114
305
518 476
940 66
969
828 158
362
900
749 242
883 116
880
485
577 419
864
294
367
83
798 183
954
555
890
877
771
571 426
634 359
535 458
537 459
523 471